501000	1.26
501001	1.08
501002	1.10
501003	1.02
501005	0.98
501007	0.93
501008	0.92
501009	1.20
501010	1.19
501011	1.05
501012	1.06
501015	0.94
501016	1.05
501017	0.93
501018	0.98
501019	0.83
501020	1.09
501021	1.41
501022	0.90
501023	1.17
501025	1.13
501026	0.90
501027	0.99
501028	0.93
501029	1.10
501030	0.94
501031	0.95
501032	0.96
502000	1.04
502001	1.02
502002	1.02
502003	0.91
502004	0.92
502005	0.89
502006	1.11
502007	1.02
502008	1.19
502010	1.14
502011	0.94
502012	1.34
502013	0.90
502014	1.01
502015	0.80
502016	1.14
502017	1.09
502018	1.06
502020	1.02
502021	Unknown
502022	1.12
502023	1.08
502024	0.88
502025	1.02
502026	0.81
502027	1.07
502028	Unknown
502031	1.00
502032	1.21
502036	1.02
502037	Unknown
502038	0.97
502040	1.21
502041	1.00
502042	1.35
502048	1.45
502049	Unknown
502050	Unknown
502053	Unknown
502054	1.10
502055	Unknown
502056	Unknown
502057	Unknown
502058	1.00
505888	1.06
510010	1.20
510020	2.90
510030	Unknown
510050	2.99
510060	Unknown
510070	Unknown
510090	Unknown
510110	Unknown
510120	3.04
510130	Unknown
510150	Unknown
510160	0.64
510170	Unknown
510180	Unknown
510190	3.79
510210	4.04
510220	4.25
510230	6.63
510260	1.28
510270	1.17
510280	1.75
510290	1.62
510300	Unknown
510310	1.75
510330	4.46
510360	1.29
510410	0.77
510420	1.54
510430	Unknown
510440	1.89
510450	1.42
510500	Unknown
510510	Unknown
510520	1.68
510560	Unknown
510580	6.38
510610	Unknown
510620	0.99
510630	2.36
510650	1.89
510660	1.92
510680	2.39
510700	2.42
510710	Unknown
511690	Unknown
511760	Unknown
511810	100.01
511820	Unknown
511960	Unknown
511970	Unknown
511980	Unknown
511990	Unknown
512100	0.82
512110	Unknown
512230	Unknown
512400	0.89
512510	Unknown
512660	Unknown
513050	1.52
580012	Unknown
580013	Unknown
580014	Unknown
580016	Unknown
580017	Unknown
580019	Unknown
580020	Unknown
580021	Unknown
580022	Unknown
580023	Unknown
580024	Unknown
580025	Unknown
580026	Unknown
580027	Unknown
600000	12.78
600006	5.83
600007	16.72
600008	5.21
600009	45.05
600011	6.55
600012	13.37
600015	9.13
600016	8.54
600017	3.93
600018	8.08
600019	Unknown
600020	5.04
600021	10.10
600022	Unknown
600023	5.42
600027	4.23
600028	6.00
600029	10.28
600030	18.30
600031	8.70
600033	3.65
600035	5.21
600036	29.38
600037	15.05
600038	44.98
600039	4.03
600050	7.97
600051	10.33
600052	4.10
600053	24.87
600054	14.16
600056	27.06
600057	9.45
600058	11.88
600059	Unknown
600060	16.13
600061	14.79
600062	23.58
600063	3.96
600064	Unknown
600066	25.06
600067	6.35
600068	9.24
600069	8.56
600070	10.55
600071	18.70
600072	14.27
600073	8.17
600074	10.39
600075	7.88
600076	8.93
600077	3.86
600078	5.49
600079	19.75
600080	9.72
600081	11.88
600082	5.44
600083	18.68
600084	7.52
600085	34.42
600086	10.49
600088	15.15
600089	10.59
600090	8.86
600091	6.30
600093	10.56
600094	7.17
600095	6.53
600096	7.51
600097	17.44
600098	6.89
600099	9.96
600101	9.37
600103	4.00
600104	33.22
600105	7.97
600106	4.73
600107	11.65
600108	4.20
600109	10.84
600111	13.14
600112	7.65
600113	10.58
600114	16.95
600115	7.01
600116	8.79
600117	5.23
600118	25.80
600119	14.44
600120	26.68
600121	5.95
600122	9.48
600123	8.24
600125	9.82
600126	6.83
600127	4.89
600128	Unknown
600129	15.55
600130	5.67
600131	Unknown
600132	18.92
600133	10.01
600135	13.27
600136	13.22
600137	44.60
600138	19.95
600139	6.56
600141	17.02
600143	5.56
600145	1.87
600146	25.42
600148	23.86
600149	10.84
600150	24.67
600151	7.88
600152	8.76
600153	11.54
600155	Unknown
600156	Unknown
600157	Unknown
600158	11.39
600159	3.80
600160	10.60
600161	34.36
600162	3.37
600163	4.14
600165	14.52
600166	2.95
600167	27.01
600168	8.55
600169	Unknown
600170	3.88
600172	9.42
600173	5.99
600175	5.15
600176	14.17
600177	9.38
600178	7.08
600179	24.37
600180	11.48
600182	25.15
600183	16.42
600184	19.86
600185	5.79
600186	3.52
600187	4.68
600188	12.50
600189	8.00
600191	11.89
600192	7.02
600193	6.11
600195	18.50
600197	24.16
600199	9.26
600200	11.79
600201	29.13
600202	9.49
600203	Unknown
600206	10.28
600207	6.51
600208	4.67
600209	13.28
600210	5.02
600211	36.76
600212	10.10
600213	9.89
600215	10.57
600216	12.95
600217	7.09
600218	8.02
600219	3.69
600221	3.23
600222	5.52
600223	4.08
600225	5.09
600226	6.55
600227	Unknown
600228	13.02
600229	8.22
600230	46.24
600231	5.81
600232	7.80
600233	17.85
600234	Unknown
600235	7.07
600236	5.80
600237	5.52
600238	9.17
600239	5.22
600240	9.06
600241	Unknown
600242	17.27
600243	6.89
600246	3.91
600247	8.91
600248	5.54
600249	6.74
600250	13.65
600251	7.47
600252	Unknown
600253	Unknown
600255	3.81
600256	Unknown
600257	7.40
600258	29.02
600260	29.64
600262	21.17
600263	Unknown
600265	19.89
600266	14.56
600267	16.17
600269	5.17
600270	17.94
600271	19.78
600272	11.77
600273	9.53
600275	6.43
600276	67.72
600277	6.08
600279	6.14
600280	8.00
600281	6.07
600282	4.76
600284	9.95
600285	10.66
600288	10.08
600289	11.59
600290	12.74
600291	28.97
600293	8.62
600295	14.33
600297	8.95
600298	34.87
600299	11.60
600300	4.65
600301	8.13
600302	7.58
600303	9.60
600305	12.10
600306	10.95
600307	2.93
600308	6.47
600309	39.32
600310	5.69
600311	5.12
600312	10.34
600313	3.61
600315	37.30
600318	12.88
600320	5.83
600322	6.89
600323	15.29
600328	12.59
600329	16.04
600331	5.03
600332	32.14
600333	6.32
600335	11.49
600337	5.76
600338	Unknown
600340	32.21
600343	13.75
600345	28.73
600349	Unknown
600350	Unknown
600351	7.85
600352	10.76
600353	6.39
600355	Unknown
600361	5.23
600365	8.26
600367	11.12
600368	5.38
600369	5.22
600370	3.44
600371	11.05
600372	Unknown
600373	Unknown
600375	5.60
600376	10.17
600377	9.70
600378	13.65
600380	12.92
600381	11.00
600382	13.42
600383	11.77
600385	12.98
600386	5.95
600388	16.18
600389	15.63
600391	22.45
600395	6.72
600396	3.18
600397	3.74
600398	9.25
600400	7.28
600403	4.71
600405	7.05
600409	10.21
600415	6.70
600419	55.33
600421	12.25
600422	Unknown
600423	Unknown
600426	13.49
600429	6.47
600435	Unknown
600436	66.69
600446	15.53
600448	5.84
600449	11.70
600452	39.85
600455	Unknown
600456	Unknown
600461	Unknown
600463	13.71
600466	8.10
600467	3.19
600468	6.31
600469	6.77
600470	5.77
600475	15.12
600479	13.92
600480	15.44
600481	4.33
600483	8.12
600485	14.59
600486	45.56
600487	42.89
600488	4.99
600490	8.70
600491	10.54
600493	8.60
600495	6.77
600496	4.28
600497	6.20
600499	10.77
600500	9.02
600502	6.99
600506	15.08
600507	13.86
600508	12.61
600509	7.06
600510	6.95
600511	27.17
600512	4.53
600515	13.35
600516	25.86
600517	6.98
600518	23.88
600519	690.25
600521	25.02
600523	Unknown
600525	16.78
600526	10.22
600527	5.93
600528	12.71
600529	19.70
600530	Unknown
600531	6.84
600532	Unknown
600533	5.67
600535	38.79
600536	17.40
600537	4.81
600538	Unknown
600539	17.16
600540	Unknown
600543	9.86
600545	10.89
600546	4.26
600547	31.04
600548	9.41
600550	6.83
600551	12.33
600552	8.12
600555	4.95
600556	6.83
600557	14.69
600558	6.15
600559	36.05
600560	10.99
600561	8.41
600562	24.91
600563	47.02
600565	4.48
600566	39.69
600567	4.43
600568	7.11
600569	4.23
600570	52.14
600571	11.06
600572	7.26
600573	8.99
600575	4.10
600576	8.50
600578	3.77
600579	14.65
600581	14.54
600582	4.59
600583	6.04
600585	28.34
600586	4.58
600587	16.12
600588	21.83
600589	6.64
600590	11.55
600592	9.44
600593	24.63
600594	12.30
600595	5.10
600596	9.55
600597	15.26
600598	10.71
600599	21.37
600600	32.77
600601	3.58
600602	Unknown
600603	7.43
600604	7.67
600605	Unknown
600608	7.89
600609	5.43
600610	6.26
600612	41.40
600613	9.46
600614	11.90
600615	12.99
600616	Unknown
600617	7.37
600618	12.80
600619	13.48
600620	12.41
600621	Unknown
600622	Unknown
600623	9.52
600624	6.84
600626	9.13
600628	Unknown
600629	17.09
600630	11.99
600636	Unknown
600637	17.98
600640	15.30
600641	12.65
600644	6.84
600647	20.38
600656	4.49
600657	5.60
600658	10.78
600660	28.66
600664	5.81
600668	15.91
600681	14.05
600683	Unknown
600685	Unknown
600687	12.05
600688	6.48
600694	36.72
600698	7.12
600699	39.93
600701	12.35
600702	45.62
600703	25.91
600705	6.34
600706	19.56
600707	7.31
600708	7.15
600710	6.67
600711	7.79
600712	7.75
600713	6.65
600715	22.47
600716	5.53
600717	10.80
600721	10.40
600722	7.36
600723	8.36
600727	8.01
600728	Unknown
600731	7.76
600732	8.58
600734	10.83
600735	12.67
600737	Unknown
600738	8.33
600740	Unknown
600742	18.99
600743	3.95
600749	21.48
600750	29.35
600751	7.50
600753	26.25
600757	6.93
600758	7.32
600760	29.57
600761	10.58
600763	30.17
600764	32.49
600766	9.73
600768	14.69
600771	40.57
600774	18.69
600775	9.03
600776	7.75
600778	Unknown
600779	47.43
600780	4.82
600781	23.69
600784	5.69
600789	7.56
600790	Unknown
600791	7.22
600793	Unknown
600801	13.96
600803	14.31
600819	Unknown
600820	9.39
600821	7.11
600824	5.11
600828	6.69
600829	12.24
600833	15.33
600835	23.61
600837	14.46
600843	11.71
600845	Unknown
600847	Unknown
600849	Unknown
600850	Unknown
600853	5.29
600854	5.79
600857	11.55
600858	7.89
600861	10.48
600862	9.79
600863	2.99
600864	7.58
600866	4.77
600867	23.22
600870	7.54
600871	3.05
600873	5.81
600879	7.78
600880	5.41
600883	10.22
600885	42.82
600887	31.51
600888	6.10
600889	Unknown
600890	11.27
600891	8.25
600893	27.88
600894	9.83
600897	22.76
600908	8.28
600917	8.88
600919	7.77
600936	7.01
600958	15.73
600959	9.08
600960	7.34
600961	8.84
600962	12.30
600963	7.10
600966	Unknown
600969	13.06
600971	10.10
600975	6.03
600976	Unknown
600977	Unknown
600981	Unknown
600982	4.44
600984	6.79
600985	12.36
600986	11.41
600987	11.49
600988	5.61
600991	Unknown
600992	13.86
600995	9.99
600997	5.75
600998	20.07
600999	19.27
601003	7.98
601006	9.03
601008	5.42
601009	8.13
601010	4.03
601011	Unknown
601012	Unknown
601015	9.69
601016	3.63
601018	Unknown
601020	19.85
601021	39.60
601028	9.96
601038	7.77
601058	3.56
601069	15.30
601088	23.37
601098	13.61
601099	3.84
601100	24.13
601101	Unknown
601106	3.66
601107	Unknown
601111	Unknown
601113	12.78
601116	21.30
601117	6.27
601118	5.61
601126	Unknown
601127	23.48
601128	7.65
601137	12.32
601139	7.90
601158	6.54
601163	22.75
601166	17.36
601168	7.32
601169	7.45
601177	8.15
601179	4.72
601186	11.86
601188	4.34
601198	17.00
601199	5.75
601200	Unknown
601208	6.42
601211	20.32
601216	5.17
601218	3.80
601222	10.03
601225	7.85
601226	6.15
601228	6.78
601229	15.08
601231	15.25
601233	17.83
601238	27.36
601258	Unknown
601288	Unknown
601299	29.98
601311	Unknown
601313	Unknown
601318	Unknown
601326	Unknown
601328	6.22
601333	4.81
601336	71.72
601339	5.28
601366	11.30
601368	9.94
601369	Unknown
601377	7.83
601388	3.97
601390	8.73
601500	10.41
601515	10.66
601518	3.63
601519	4.82
601555	10.86
601558	1.64
601566	14.79
601567	10.71
601579	12.37
601588	5.56
601595	20.01
601599	6.09
601600	8.09
601601	47.74
601607	25.88
601608	4.51
601611	10.70
601616	3.91
601618	5.05
601619	7.90
601628	34.53
601633	11.49
601636	4.91
601666	5.64
601668	Unknown
601669	7.39
601677	13.39
601678	7.65
601688	19.55
601689	Unknown
601699	9.05
601700	Unknown
601717	Unknown
601718	7.01
601766	10.63
601777	7.95
601788	Unknown
601789	4.54
601798	9.76
601799	Unknown
601800	14.33
601801	11.60
601808	11.38
601811	13.35
601818	4.09
601857	8.12
601866	3.56
601872	Unknown
601877	26.84
601878	Unknown
601880	2.88
601881	12.15
601882	14.81
601886	9.63
601888	42.41
601890	6.87
601898	5.59
601899	3.69
601900	12.47
601901	7.86
601908	5.88
601918	3.87
601919	6.13
601928	8.47
601929	3.13
601933	9.59
601939	6.99
601952	13.00
601958	6.99
601965	8.81
601966	17.45
601968	5.72
601969	9.88
601985	7.53
601988	3.92
601989	6.04
601991	4.35
601992	5.73
601996	5.56
601997	14.64
601998	6.13
601999	9.07
603000	12.65
603001	15.73
603002	6.00
603003	12.73
603005	30.33
603006	19.71
603007	14.16
603008	18.30
603009	11.36
603010	27.45
603011	10.77
603012	7.74
603015	9.18
603016	43.23
603017	Unknown
603018	30.01
603019	48.82
603020	12.91
603021	13.01
603022	13.08
603023	9.58
603027	20.51
603028	11.27
603029	21.47
603031	27.11
603035	18.34
603037	27.85
603041	Unknown
603043	Unknown
603055	17.29
603058	Unknown
603067	15.04
603069	11.52
603077	2.17
603078	Unknown
603086	Unknown
603088	43.96
603099	13.23
603100	10.78
603101	14.51
603106	25.02
603111	14.34
603123	7.91
603128	10.09
603131	24.08
603133	Unknown
603157	19.53
603159	29.33
603166	8.75
603167	11.61
603168	24.22
603169	9.24
603183	47.35
603188	16.83
603198	17.76
603199	30.19
603227	6.22
603233	51.36
603266	Unknown
603277	20.64
603286	Unknown
603288	51.94
603299	11.61
603300	10.10
603303	15.60
603305	47.30
603306	30.21
603308	16.75
603309	21.22
603311	Unknown
603315	15.11
603318	13.96
603321	13.07
603322	Unknown
603323	Unknown
603328	14.57
603331	21.27
603333	6.43
603335	12.20
603337	Unknown
603338	70.70
603339	26.72
603355	48.62
603357	23.77
603366	7.08
603368	48.54
603369	15.59
603377	37.04
603380	21.38
603386	Unknown
603387	60.57
603388	20.47
603393	35.49
603398	16.90
603399	14.97
603456	15.78
603496	36.79
603508	45.75
603515	46.80
603517	41.01
603518	20.76
603520	28.14
603528	10.15
603555	19.97
603568	20.69
603569	26.47
603580	Unknown
603588	14.19
603598	14.84
603599	17.30
603600	15.55
603601	14.23
603602	Unknown
603606	11.61
603608	11.37
603609	9.32
603611	22.41
603636	10.73
603658	53.77
603669	21.28
603678	27.35
603686	27.18
603688	20.16
603696	39.05
603699	Unknown
603701	20.58
603707	26.49
603718	12.14
603721	35.07
603725	20.20
603726	34.92
603727	27.87
603728	25.11
603730	36.91
603737	73.28
603738	26.18
603757	64.09
603758	17.26
603766	7.19
603767	16.98
603768	20.83
603776	64.01
603777	30.18
603778	8.16
603779	18.93
603788	35.67
603789	12.91
603797	20.00
603798	18.02
603800	18.29
603801	54.56
603803	19.69
603806	37.05
603808	Unknown
603811	32.85
603813	Unknown
603816	57.54
603817	12.96
603818	12.89
603819	20.23
603822	38.47
603823	19.32
603825	34.06
603826	16.35
603828	10.01
603833	118.06
603838	Unknown
603839	23.61
603843	17.16
603855	12.83
603859	22.28
603860	37.47
603861	18.26
603866	41.84
603868	76.26
603869	22.65
603877	26.73
603878	20.30
603879	25.28
603880	27.17
603881	45.03
603882	35.70
603883	58.88
603885	14.39
603887	28.55
603888	25.24
603889	14.98
603896	65.00
603898	27.98
603900	24.92
603901	9.75
603903	37.98
603906	17.43
603908	40.09
603909	30.89
603918	20.03
603919	19.91
603920	21.02
603926	28.96
603928	16.16
603929	30.64
603933	55.66
603936	28.85
603938	40.11
603939	41.65
603955	56.89
603958	15.76
603959	28.14
603960	32.55
603963	29.98
603966	19.30
603968	20.11
603969	13.69
603976	29.35
603977	16.79
603978	92.57
603979	10.82
603980	21.28
603985	40.55
603986	163.12
603987	13.56
603988	51.92
603990	34.39
603991	33.41
603993	6.04
603996	18.45
603997	11.86
603998	13.13
603999	8.14
900905	3.64
900906	0.405
900914	1.38
900932	Unknown
900948	1.34
900950	2.22
900951	0.87
900952	0.51
900953	0.97
900955	0.50
900956	1.66
900957	0.96
000001	3382.91
000002	3543.03
000003	342.10
000004	2675.49
000005	3399.11
000006	7116.25
000007	6240.22
000008	3153.59
000010	8882.91
000011	17.10
000012	160.67
000013	212.86
000015	3052.45
000016	2938.80
000017	2856.78
000018	5676.26
000019	1135.02
000020	1294.90
000021	1047.44
000022	24.14
000023	161.07
000024	Unknown
000025	2050.97
000026	2788.38
000027	1204.91
000028	3453.76
000029	4334.17
000030	2202.59
000031	3215.50
000032	1617.17
000033	2194.22
000034	2451.10
000035	3020.90
000036	9093.30
000037	7149.82
000038	5462.99
000039	3754.54
000040	3721.02
000042	15.55
000043	2530.68
000045	Unknown
000046	7.07
000048	1558.40
000049	1848.59
000050	2587.19
000056	1102.80
000058	4357.39
000059	3027.52
000060	3839.45
000061	142.01
000063	3461.62
000065	3604.90
000066	1940.46
000068	2133.85
000069	4916.27
000070	2604.90
000078	3242.78
000088	Unknown
000090	1248.94
000096	4284.67
000100	5348.27
000150	8936.86
000153	2697.09
000155	2922.48
000158	1628.66
000159	3220.66
000166	5.61
000333	53.65
000338	8.70
000400	14.70
000402	11.14
000403	Unknown
000404	Unknown
000405	Unknown
000407	Unknown
000408	Unknown
000409	Unknown
000410	Unknown
000413	10.19
000417	8.10
000418	58.24
000420	3.35
000422	Unknown
000425	3.82
000426	9.11
000429	7.87
000430	Unknown
000498	6.86
000501	16.76
000502	11.75
000503	24.93
000504	19.60
000505	10.17
000506	8.04
000509	6.12
000510	8.06
000513	68.70
000514	6.77
000516	4.94
000517	3.95
000520	4.41
000524	Unknown
000525	22.90
000526	Unknown
000528	Unknown
000529	7.42
000531	Unknown
000533	9.63
000534	14.77
000536	5.15
000537	Unknown
000538	101.81
000539	Unknown
000540	Unknown
000541	9.27
000543	5.16
000544	17.30
000545	Unknown
000546	Unknown
000547	10.83
000548	6.80
000550	Unknown
000551	8.47
000552	3.47
000553	16.13
000554	8.20
000555	16.73
000557	4.79
000558	5.73
000559	11.17
000560	Unknown
000561	8.35
000562	Unknown
000563	Unknown
000564	Unknown
000565	Unknown
000566	Unknown
000567	Unknown
000568	69.01
000569	Unknown
000570	Unknown
000571	Unknown
000572	Unknown
000573	Unknown
000576	Unknown
000578	Unknown
000581	Unknown
000582	Unknown
000583	Unknown
000584	Unknown
000585	Unknown
000586	Unknown
000587	Unknown
000588	Unknown
000589	Unknown
000590	Unknown
000591	6.66
000592	Unknown
000593	Unknown
000594	Unknown
000595	Unknown
000596	Unknown
000597	Unknown
000598	Unknown
000599	Unknown
000600	Unknown
000601	Unknown
000602	Unknown
000603	Unknown
000605	Unknown
000606	Unknown
000607	Unknown
000608	Unknown
000609	Unknown
000610	Unknown
000611	7.35
000612	Unknown
000613	8.18
000615	Unknown
000616	Unknown
000617	Unknown
000618	Unknown
000619	Unknown
000620	Unknown
000621	Unknown
000622	Unknown
000623	23.90
000625	13.16
000626	12.28
000627	Unknown
000628	8.79
000630	Unknown
000631	Unknown
000632	6.28
000633	Unknown
000635	15.84
000636	Unknown
000637	5.89
000638	11.14
000639	Unknown
000650	Unknown
000651	Unknown
000652	Unknown
000655	Unknown
000656	4.59
000657	Unknown
000659	3.75
000661	179.00
000662	16.48
000663	Unknown
000665	10.31
000666	Unknown
000667	Unknown
000668	Unknown
000669	Unknown
000670	6.23
000671	Unknown
000672	Unknown
000673	11.60
000675	Unknown
000677	Unknown
000678	7.68
000679	7.52
000680	5.03
000681	19.32
000682	Unknown
000683	Unknown
000685	10.34
000686	Unknown
000688	10.95
000690	Unknown
000692	5.49
000693	Unknown
000697	23.00
000698	6.01
000699	Unknown
000700	6.40
000702	Unknown
000703	16.45
000705	9.00
000707	6.38
000708	11.63
000709	Unknown
000710	72.10
000711	11.75
000712	Unknown
000713	Unknown
000715	Unknown
000717	Unknown
000718	4.96
000719	Unknown
000722	10.06
000723	7.89
000725	Unknown
000726	10.82
000728	12.27
000731	7.34
000732	16.65
000733	Unknown
000735	7.22
000750	5.26
000751	4.86
000752	12.76
000753	3.98
000757	7.03
000759	9.26
000760	7.22
000761	5.19
000766	13.35
000782	8.95
000783	8.84
000785	9.92
000788	9.43
000789	9.74
000791	8.45
000792	12.70
000793	10.25
000795	6.07
000797	12.78
000799	29.85
000801	2602.65
000802	13.42
000803	5354.29
000805	4485.90
000806	8069.74
000807	14260.05
000809	5343.58
000810	1862.51
000811	4529.08
000812	3899.31
000813	2908.20
000815	8198.16
000816	6676.21
000817	1544.41
000818	5158.35
000819	4964.15
000820	2078.39
000821	6032.68
000822	7633.52
000823	4894.76
000826	3041.29
000827	1806.30
000828	2889.63
000829	4515.52
000830	4812.61
000831	8969.92
000832	296.42
000833	171.12
000837	6.57
000838	1613.70
000839	7057.14
000848	Unknown
000850	3915.94
000851	12965.30
000852	12.50
000856	5819.04
000858	74.86
000859	4.47
000860	Unknown
000861	Unknown
000862	Unknown
000863	2777.52
000868	7.73
000869	35.90
000876	7.71
000880	9.75
000882	3.15
000885	16.47
000886	6.68
000887	17.98
000889	Unknown
000890	6.52
000893	7.92
000895	26.78
000898	6.31
000899	Unknown
000901	5956.55
000902	4666.17
000903	4167.02
000905	6361.94
000906	4499.75
000908	1896.86
000909	2592.92
000910	2637.36
000911	9.70
000912	14743.71
000913	10224.77
000915	1909.15
000916	2154.85
000917	2052.78
000918	4587.39
000919	5149.53
000920	2845.09
000921	3083.72
000922	4835.37
000923	174.87
000925	4509.08
000926	Unknown
000927	1433.26
000929	2301.54
000930	2863.07
000931	5821.42
000932	12565.27
000933	10527.22
000935	4682.89
000937	2095.54
000938	2227.00
000939	1861.97
000948	6260.81
000949	4259.75
000950	2267.06
000951	6160.44
000952	8664.83
000953	1180.76
000955	1104.09
000956	904.88
000957	1622.98
000958	1489.60
000959	7024.85
000960	3345.97
000961	2751.63
000962	2740.17
000963	5804.07
000965	3562.20
000966	7105.03
000967	4134.20
000968	3104.94
000969	4559.51
000970	1111.51
000971	3214.67
000972	2776.38
000975	12.64
000976	5815.90
000977	1488.93
000978	13900.41
000979	1.94
000980	2474.51
000981	4146.57
000982	7589.43
000985	4401.32
000987	3449.59
000988	3595.67
000989	5838.61
000991	10307.98
000993	6090.33
000995	2342.12
000996	9632.29
000997	8530.52
000998	2105.05
000999	1848.74
001696	7.45
001896	5.79
001979	19.11
002001	30.83
002002	7.10
002004	Unknown
002006	7.81
002007	29.57
002014	11.55
002016	Unknown
002017	Unknown
002024	12.39
002026	8.54
002027	12.63
002029	9.06
002032	41.45
002033	8.80
002034	60.69
002035	29.61
002036	Unknown
002037	Unknown
002038	Unknown
002040	13.24
002043	10.42
002045	17.95
002046	Unknown
002047	8.13
002049	38.60
002051	19.25
002053	Unknown
002054	15.22
002055	Unknown
002056	Unknown
002058	18.62
002059	Unknown
002060	3.89
002067	5.98
002070	Unknown
002071	Unknown
002072	30.40
002073	Unknown
002074	Unknown
002076	5.98
002079	8.39
002081	14.91
002082	12.86
002088	Unknown
002089	6.04
002091	Unknown
002093	8.68
002095	33.43
002101	20.60
002102	4.10
002106	9.28
002109	7.13
002111	15.97
002112	Unknown
002116	Unknown
002119	Unknown
002127	Unknown
002128	11.12
002135	Unknown
002136	13.89
002139	13.34
002142	17.90
002143	Unknown
002144	Unknown
002145	5.86
002149	10.58
002152	6.72
002153	25.70
002154	3.43
002157	6.27
002159	Unknown
002160	Unknown
002161	Unknown
002162	5.25
002163	7.64
002165	6.20
002169	5.63
002177	Unknown
002179	Unknown
002181	4.91
002182	8.86
002183	7.70
002186	19.16
002187	10.67
002190	Unknown
002191	9.48
002195	6.29
002199	15.47
002200	15.10
002202	16.51
002203	Unknown
002204	3.89
002205	19.20
002206	6.30
002207	Unknown
002208	Unknown
002209	Unknown
002210	13.05
002211	9.22
002212	20.83
002213	22.00
002215	7.26
002217	10.85
002218	4.65
002219	Unknown
002224	9.60
002225	5.59
002226	Unknown
002227	17.61
002230	67.15
002231	11.70
002232	10.80
002233	11.80
002234	13.74
002236	28.25
002237	10.68
002240	Unknown
002244	6.94
002246	12.32
002247	Unknown
002249	7.11
002250	Unknown
002251	14.36
002252	Unknown
002254	12.69
002255	Unknown
002260	13.95
002262	Unknown
002263	2.87
002264	10.36
002265	13.80
002266	4.36
002267	7.94
002268	Unknown
002269	3.30
002270	9.88
002271	38.35
002272	6.15
002273	27.68
002274	7.60
002275	17.00
002276	9.64
002277	6.38
002278	11.24
002279	10.92
002280	8.75
002281	28.86
002282	14.82
002283	6.09
002284	Unknown
002285	13.06
002286	10.95
002287	38.89
002288	6.51
002289	Unknown
002290	13.99
002291	7.76
002292	16.39
002293	11.93
002294	37.10
002295	12.61
002296	8.74
002297	11.28
002298	9.56
002299	14.67
002300	8.39
002301	17.50
002302	14.36
002303	8.02
002304	115.56
002305	4.56
002306	4.68
002307	11.40
002308	12.13
002309	13.98
002310	20.13
002311	Unknown
002312	6.79
002313	26.40
002314	5.80
002315	23.54
002316	11.69
002317	11.99
002318	7.78
002319	15.21
002320	18.65
002321	12.80
002322	20.08
002323	8.91
002324	25.50
002325	5.30
002326	12.80
002327	9.95
002328	7.22
002329	7.80
002330	Unknown
002331	11.06
002332	9.25
002333	15.13
002334	9.03
002335	31.84
002336	9.13
002337	5.47
002338	16.73
002339	9.86
002340	7.04
002341	25.30
002342	Unknown
002343	Unknown
002344	7.93
002345	11.34
002346	21.85
002347	6.74
002348	6.99
002349	8.89
002350	10.16
002351	9.55
002352	52.71
002353	15.07
002354	18.32
002355	10.73
002356	24.77
002357	10.13
002358	15.23
002359	21.19
002360	8.97
002361	5.88
002362	32.66
002363	8.80
002364	11.92
002365	38.60
002366	Unknown
002367	9.36
002368	27.31
002369	Unknown
002370	Unknown
002371	40.00
002372	17.28
002373	13.91
002374	5.49
002375	8.24
002376	11.45
002377	Unknown
002378	9.42
002379	5.78
002380	17.28
002381	10.42
002382	12.19
002383	19.69
002384	31.59
002385	6.32
002386	8.16
002387	18.50
002388	8.16
002389	Unknown
002390	8.43
002391	14.41
002392	Unknown
002393	33.02
002394	13.30
002396	23.21
002397	6.40
002398	Unknown
002399	16.58
002400	5.58
002401	13.64
002402	10.75
002403	12.20
002404	7.14
002405	29.09
002406	7.40
002407	21.72
002408	12.12
002409	36.81
002410	20.95
002411	26.80
002412	16.98
002413	10.30
002414	17.78
002415	39.80
002416	9.81
002417	13.73
002418	9.80
002419	13.97
002420	5.62
002421	5.94
002422	22.73
002423	14.39
002424	16.65
002425	8.25
002426	5.78
002427	27.65
002428	Unknown
002429	3.58
002430	17.05
002431	9.09
002432	10.37
002433	8.84
002434	9.95
002435	Unknown
002436	5.51
002437	7.14
002438	7.01
002439	23.85
002440	Unknown
002441	10.75
002442	12.65
002443	8.38
002444	16.19
002445	13.20
002446	11.00
002447	Unknown
002448	9.69
002449	20.05
002450	Unknown
002451	32.51
002452	Unknown
002453	7.79
002454	11.79
002455	10.31
002456	Unknown
002457	13.04
002458	Unknown
002459	13.29
002460	Unknown
002461	12.71
002462	28.90
002463	5.49
002464	31.30
002465	9.89
002467	8.05
002468	Unknown
002469	7.03
002470	Unknown
002471	4.51
002472	10.18
002473	16.11
002474	9.26
002475	24.98
002476	6.65
002477	4.45
002478	5.05
002479	10.49
002480	8.62
002481	6.16
002482	8.09
002483	Unknown
002484	9.82
002485	25.60
002486	6.71
002487	Unknown
002488	10.40
002489	6.15
002490	5.39
002491	Unknown
002492	7.49
002493	11.45
002494	10.15
002495	Unknown
002496	5.40
002497	13.75
002498	3.42
002499	Unknown
002500	10.10
002501	9.50
002502	8.80
002503	6.30
002504	7.32
002505	2.84
002506	3.83
002507	17.50
002508	46.81
002509	9.50
002510	6.88
002511	15.04
002512	20.26
002513	11.17
002514	8.63
002515	Unknown
002517	22.10
002518	17.66
002519	6.88
002520	9.77
002521	9.65
002522	13.96
002523	5.48
002524	Unknown
002526	6.81
002527	12.09
002528	5.38
002529	Unknown
002530	23.58
002531	7.08
002532	7.50
002533	Unknown
002534	12.16
002535	4.86
002536	13.84
002537	9.90
002538	Unknown
002539	6.32
002540	7.12
002541	14.64
002542	7.97
002543	20.83
002544	18.77
002545	8.65
002546	5.38
002547	9.04
002548	10.55
002549	7.07
002550	5.63
002551	9.95
002552	11.29
002553	9.76
002554	5.30
002555	21.21
002556	7.95
002557	15.13
002558	40.54
002559	9.90
002560	6.72
002561	12.03
002562	17.37
002563	Unknown
002564	8.26
002565	6.49
002566	9.70
002567	7.53
002568	14.25
002569	Unknown
002570	Unknown
002571	Unknown
002572	Unknown
002573	Unknown
002574	Unknown
002575	Unknown
002576	Unknown
002577	Unknown
002578	Unknown
002579	Unknown
002580	Unknown
002581	Unknown
002582	Unknown
002583	Unknown
002584	Unknown
002585	Unknown
002586	Unknown
002587	Unknown
002588	Unknown
002589	Unknown
002590	Unknown
002591	Unknown
002592	Unknown
002593	Unknown
002594	Unknown
002595	Unknown
002596	Unknown
002597	Unknown
002598	Unknown
002599	Unknown
002600	Unknown
002601	Unknown
002602	Unknown
002603	Unknown
002604	Unknown
002605	Unknown
002606	Unknown
002607	Unknown
002608	Unknown
002609	Unknown
002610	Unknown
002611	Unknown
002612	Unknown
002613	Unknown
002614	Unknown
002615	Unknown
002616	Unknown
002617	Unknown
002618	Unknown
002619	Unknown
002620	Unknown
002621	Unknown
002622	Unknown
002623	Unknown
002624	Unknown
002625	Unknown
002626	Unknown
002627	Unknown
002628	7.74
002629	Unknown
002630	Unknown
002631	12.81
002632	Unknown
002633	Unknown
002634	Unknown
002635	Unknown
002636	Unknown
002637	11.55
002638	Unknown
002639	Unknown
002640	20.33
002641	Unknown
002642	Unknown
002643	12.21
002644	Unknown
002645	19.75
002646	Unknown
002647	34.26
002648	Unknown
002649	Unknown
002650	Unknown
002651	Unknown
002652	Unknown
002653	Unknown
002654	7.33
002655	8.10
002656	Unknown
002657	23.95
002658	Unknown
002659	Unknown
002660	11.51
002661	Unknown
002662	Unknown
002663	5.35
002664	Unknown
002665	7.23
002666	5.30
002667	18.45
002668	Unknown
002669	20.75
002670	20.64
002671	Unknown
002672	15.30
002673	Unknown
002674	11.40
002675	Unknown
002676	Unknown
002677	16.68
002678	11.44
002679	21.15
002680	13.75
002681	11.60
002682	11.52
002683	7.43
002684	17.99
002685	11.79
002686	12.07
002687	Unknown
002688	7.48
002689	Unknown
002690	18.39
002691	26.37
002692	9.74
002693	Unknown
002694	21.81
002695	Unknown
002696	21.08
002697	Unknown
002698	10.45
002699	18.09
002700	10.22
002701	6.32
002702	Unknown
002703	9.16
002705	Unknown
002706	12.38
002707	Unknown
002708	6.94
002709	43.05
002711	Unknown
002712	26.43
002713	21.00
002714	52.40
002715	31.86
002716	19.05
002718	52.33
002719	28.00
002721	12.50
002722	33.60
002723	21.28
002724	10.17
002725	16.54
002726	11.07
002727	20.54
002728	19.30
002729	Unknown
002730	11.40
002731	21.00
002732	27.16
002733	Unknown
002734	24.16
002735	32.63
002736	12.51
002737	Unknown
002738	28.66
002739	52.04
002740	Unknown
002741	17.59
002742	Unknown
002743	12.19
002745	55.80
002746	24.11
002747	12.07
002748	15.71
002750	Unknown
002751	40.49
002752	Unknown
002753	19.93
002755	Unknown
002756	28.20
002757	35.73
002758	Unknown
002759	27.37
002760	Unknown
002761	35.52
002762	17.92
002763	Unknown
002765	8.93
002766	16.58
002767	Unknown
002768	24.88
002769	Unknown
002770	5.05
002771	20.16
002772	12.13
002773	63.61
002774	10.95
002775	21.00
002776	23.29
002777	39.48
002778	26.18
002779	21.24
002780	25.20
002781	26.30
002782	15.72
002783	19.69
002785	14.98
002786	11.25
002787	12.94
002788	Unknown
002789	Unknown
002790	28.73
002791	19.03
002792	35.26
002793	Unknown
002795	17.24
002796	31.12
002797	9.66
002798	50.17
002799	Unknown
002800	33.13
002801	35.65
002802	31.40
002803	44.98
002805	29.50
002806	Unknown
002807	8.31
002808	14.96
002809	29.25
002810	23.22
002811	21.01
002812	110.11
002813	39.78
002815	31.52
002816	22.30
002817	31.71
002818	32.63
002819	29.80
002820	27.17
002821	60.73
002822	10.84
002823	15.97
002824	Unknown
002825	27.77
002826	17.53
002827	26.31
002828	Unknown
002829	Unknown
002830	38.14
002831	65.50
002832	58.52
002833	61.89
002835	Unknown
002836	22.96
002837	25.90
002838	41.05
002839	10.88
002840	30.05
002841	79.83
002842	47.07
002843	26.99
002845	33.77
002846	26.24
002847	30.60
002848	18.35
002849	32.44
002850	71.79
002851	36.50
002852	34.50
002853	33.49
002855	14.03
002856	38.08
002857	30.60
002859	34.78
002860	52.51
002861	29.79
002862	32.27
002863	13.68
002865	21.30
002866	31.25
002867	28.00
002868	24.95
002869	34.36
002870	28.30
002871	Unknown
002872	Unknown
002873	45.80
002875	30.75
002876	Unknown
002877	24.92
002878	42.28
002879	45.40
002880	Unknown
002881	30.49
002882	14.20
002883	53.50
002884	59.71
002885	Unknown
002886	36.09
002887	96.19
002888	30.00
002889	29.91
002890	38.20
002891	38.40
002892	40.19
002893	26.49
002895	21.22
002896	Unknown
002897	41.94
002898	21.49
002899	31.33
002900	31.32
002901	40.10
031005	Unknown
031007	Unknown
038011	Unknown
038014	Unknown
038015	Unknown
038016	Unknown
038017	Unknown
131800	0.102
131801	0.008
131802	Unknown
131803	Unknown
131805	3.70
131806	3.54
131809	2.60
131810	Unknown
131811	Unknown
131900	Unknown
131901	Unknown
131910	Unknown
131911	Unknown
150001	1.79
150003	Unknown
150006	Unknown
150008	1.13
150009	0.97
150012	Unknown
150013	1.58
150016	1.22
150017	1.52
150018	0.95
150019	1.30
150020	1.08
150021	1.06
150022	0.83
150023	Unknown
150027	1.45
150028	1.04
150029	Unknown
150030	Unknown
150031	Unknown
150032	1.04
150033	Unknown
150034	1.22
150035	Unknown
150036	1.20
150037	Unknown
150038	Unknown
150039	Unknown
150040	1.16
150042	1.69
150047	1.41
150048	1.33
150049	0.98
150050	1.55
150051	0.98
150052	1.92
150053	1.07
150054	1.11
150055	1.08
150056	1.58
150057	1.49
150058	1.11
150059	1.03
150060	1.30
150062	Unknown
150064	1.06
150065	1.16
150066	0.93
150067	1.60
150068	1.25
150069	1.16
150070	Unknown
150071	1.19
150072	Unknown
150073	1.04
150075	Unknown
150076	0.96
150077	1.90
150078	Unknown
150079	Unknown
150080	1.23
150081	1.85
150082	1.11
150083	1.00
150084	1.32
150085	1.05
150086	Unknown
150087	1.17
150088	1.03
150089	1.17
150090	0.95
150091	1.13
150092	1.14
150093	Unknown
150094	1.10
150095	Unknown
150096	1.02
150097	1.01
150098	1.06
150099	2.19
150100	0.99
150101	1.52
150102	1.35
150104	1.07
150105	1.71
150106	1.04
150108	1.09
150109	1.12
150117	1.05
150118	Unknown
150128	Unknown
150136	Unknown
150138	Unknown
150146	Unknown
150152	Unknown
150160	1.59
150161	1.79
150190	Unknown
150203	Unknown
150206	Unknown
150208	Unknown
150218	Unknown
150219	Unknown
150222	Unknown
150227	0.91
150228	1.00
150231	1.10
150232	1.61
150234	Unknown
150235	Unknown
150236	Unknown
150242	Unknown
150248	Unknown
150250	Unknown
150262	Unknown
150266	Unknown
150275	Unknown
150287	1.04
150288	0.80
150296	Unknown
150302	Unknown
150305	Unknown
150308	Unknown
150310	Unknown
150311	Unknown
150312	Unknown
150315	Unknown
150316	Unknown
150318	Unknown
150321	Unknown
150322	Unknown
150323	Unknown
150324	Unknown
150325	Unknown
150326	Unknown
150327	Unknown
150328	Unknown
150329	Unknown
150330	Unknown
150331	Unknown
150332	Unknown
150336	Unknown
150343	Unknown
150344	Unknown
159001	Unknown
159003	Unknown
159005	Unknown
159901	Unknown
159902	Unknown
159903	Unknown
159905	Unknown
159906	Unknown
159907	Unknown
159908	1.51
159909	Unknown
159910	Unknown
159911	Unknown
159912	Unknown
159913	Unknown
159915	Unknown
159916	Unknown
159917	Unknown
159918	Unknown
159919	Unknown
159920	Unknown
159921	Unknown
159922	Unknown
159923	Unknown
159924	Unknown
159925	Unknown
159926	Unknown
159927	Unknown
159928	Unknown
159929	Unknown
159930	Unknown
159931	Unknown
159935	Unknown
159936	Unknown
159937	Unknown
159938	Unknown
159939	Unknown
159940	Unknown
159941	Unknown
159943	Unknown
159945	Unknown
159946	Unknown
159948	Unknown
159950	Unknown
159955	Unknown
160106	Unknown
160119	Unknown
160123	Unknown
160125	Unknown
160133	Unknown
160138	Unknown
160216	Unknown
160223	Unknown
160225	Unknown
160311	Unknown
160324	Unknown
160505	1.99
160513	Unknown
160518	0.98
160522	Unknown
160610	Unknown
160611	Unknown
160617	Unknown
160618	Unknown
160621	Unknown
160622	Unknown
160635	Unknown
160642	Unknown
160643	Unknown
160706	Unknown
160716	Unknown
160717	Unknown
160719	Unknown
160720	Unknown
160722	Unknown
160723	Unknown
160805	Unknown
160806	Unknown
160807	Unknown
160810	Unknown
160812	Unknown
160813	Unknown
160910	Unknown
160915	Unknown
160916	Unknown
160918	Unknown
160919	Unknown
160921	Unknown
160922	Unknown
160924	Unknown
161005	Unknown
161010	Unknown
161015	Unknown
161017	Unknown
161019	Unknown
161033	Unknown
161035	Unknown
161036	Unknown
161037	Unknown
161038	Unknown
161115	Unknown
161116	Unknown
161117	Unknown
161119	Unknown
161124	Unknown
161125	Unknown
161126	Unknown
161127	Unknown
161128	Unknown
161129	Unknown
161130	Unknown
161210	Unknown
161211	Unknown
161217	Unknown
161219	Unknown
161222	Unknown
161224	Unknown
161233	Unknown
161505	Unknown
161626	Unknown
161630	Unknown
161631	Unknown
161715	Unknown
161716	Unknown
161813	Unknown
161820	Unknown
161823	1.04
161834	Unknown
161835	Unknown
161903	Unknown
161907	Unknown
162108	Unknown
162308	1.09
162414	Unknown
162715	Unknown
162718	Unknown
163407	Unknown
163412	Unknown
164206	1.06
164208	Unknown
164210	Unknown
164705	1.24
164815	Unknown
164902	Unknown
165311	Unknown
165516	Unknown
165517	Unknown
165525	Unknown
165807	Unknown
168102	Unknown
168104	Unknown
168301	0.91
169101	1.56
184709	Unknown
184710	Unknown
184711	Unknown
184712	Unknown
184718	Unknown
184720	Unknown
184721	Unknown
184722	Unknown
184728	Unknown
184738	Unknown
200003	Unknown
200011	Unknown
200012	Unknown
200013	Unknown
200015	Unknown
200016	Unknown
200017	Unknown
200018	Unknown
200019	Unknown
200020	Unknown
200022	Unknown
200024	Unknown
200025	Unknown
200026	Unknown
200028	Unknown
200029	Unknown
200030	Unknown
200037	Unknown
200039	Unknown
200041	Unknown
200045	Unknown
200053	Unknown
200054	Unknown
200055	Unknown
200056	Unknown
200057	Unknown
200058	3.99
200152	Unknown
200168	Unknown
200413	Unknown
200418	Unknown
200429	Unknown
200468	Unknown
200488	Unknown
200505	Unknown
200512	Unknown
200513	Unknown
200521	Unknown
200530	Unknown
200539	Unknown
200541	Unknown
200550	Unknown
200553	Unknown
200570	Unknown
200581	Unknown
200596	Unknown
200613	Unknown
200625	Unknown
200706	Unknown
200725	Unknown
200726	Unknown
200761	Unknown
200770	Unknown
200771	Unknown
200869	Unknown
200986	Unknown
200992	Unknown
300002	Unknown
300005	6.22
300006	Unknown
300007	Unknown
300009	Unknown
300010	Unknown
300011	12.41
300012	Unknown
300014	Unknown
300015	Unknown
300016	13.70
300018	6.96
300019	9.20
300020	Unknown
300024	Unknown
300026	Unknown
300027	8.09
300028	Unknown
300030	Unknown
300031	Unknown
300033	53.50
300036	15.82
300037	20.23
300038	35.71
300039	6.59
300040	9.75
300041	10.41
300042	33.93
300043	Unknown
300044	17.52
300045	Unknown
300046	Unknown
300047	11.70
300048	Unknown
300049	Unknown
300050	Unknown
300051	9.07
300052	Unknown
300053	Unknown
300054	Unknown
300055	Unknown
300056	Unknown
300057	Unknown
300058	Unknown
300059	Unknown
300061	Unknown
300062	Unknown
300063	Unknown
300064	Unknown
300065	Unknown
300066	Unknown
300067	Unknown
300068	Unknown
300069	Unknown
300070	Unknown
300071	Unknown
300072	Unknown
300073	Unknown
300074	Unknown
300075	Unknown
300076	Unknown
300077	Unknown
300078	Unknown
300079	Unknown
300080	Unknown
300081	Unknown
300082	Unknown
300083	Unknown
300084	Unknown
300085	Unknown
300086	Unknown
300087	Unknown
300088	Unknown
300089	Unknown
300090	Unknown
300091	Unknown
300092	Unknown
300093	Unknown
300094	Unknown
300095	8.59
300096	Unknown
300097	31.38
300098	Unknown
300099	Unknown
300100	17.55
300101	Unknown
300102	Unknown
300103	Unknown
300104	Unknown
300105	Unknown
300106	Unknown
300107	5.73
300108	8.48
300109	Unknown
300110	13.35
300111	Unknown
300112	11.13
300113	18.05
300114	10.81
300115	27.20
300116	8.58
300117	6.58
300118	13.10
300119	Unknown
300120	12.37
300122	29.20
300123	Unknown
300124	27.96
300125	Unknown
300126	7.08
300127	16.13
300128	11.11
300129	7.70
300130	Unknown
300131	7.66
300132	Unknown
300133	Unknown
300134	15.31
300135	Unknown
300136	54.20
300137	20.41
300138	13.40
300139	7.89
300140	17.31
300141	12.13
300142	21.43
300143	27.95
300144	20.55
300145	14.90
300146	Unknown
300147	Unknown
300148	8.61
300149	15.35
300150	5.84
300151	Unknown
300152	6.73
300153	13.15
300154	7.07
300155	6.78
300156	24.16
300157	10.43
300158	14.68
300159	11.43
300160	7.80
300161	Unknown
300162	Unknown
300163	Unknown
300164	Unknown
300165	Unknown
300166	Unknown
300167	Unknown
300168	Unknown
300169	Unknown
300170	Unknown
300171	Unknown
300172	Unknown
300173	Unknown
300174	Unknown
300175	Unknown
300176	Unknown
300177	Unknown
300178	Unknown
300179	Unknown
300180	Unknown
300181	Unknown
300182	Unknown
300183	Unknown
300184	Unknown
300185	Unknown
300186	Unknown
300187	Unknown
300188	Unknown
300189	Unknown
300190	Unknown
300191	Unknown
300192	Unknown
300193	Unknown
300194	Unknown
300195	Unknown
300196	Unknown
300197	Unknown
300198	Unknown
300199	Unknown
300200	Unknown
300201	Unknown
300202	Unknown
300203	Unknown
300204	Unknown
300205	Unknown
300206	Unknown
300207	Unknown
300208	Unknown
300209	Unknown
300210	Unknown
300211	Unknown
300212	Unknown
300213	Unknown
300214	Unknown
300215	Unknown
300216	Unknown
300217	Unknown
300218	Unknown
300219	Unknown
300220	Unknown
300221	Unknown
300222	Unknown
300223	Unknown
300224	Unknown
300225	Unknown
300226	Unknown
300227	Unknown
300228	11.83
300229	Unknown
300230	Unknown
300231	Unknown
300232	Unknown
300233	Unknown
300234	Unknown
300235	14.45
300236	Unknown
300237	Unknown
300238	22.29
300239	Unknown
300240	10.96
300241	Unknown
300242	8.05
300243	12.19
300244	28.50
300245	Unknown
300246	24.00
300247	5.59
300248	Unknown
300249	Unknown
300250	Unknown
300251	10.01
300252	Unknown
300253	6.96
300254	11.35
300255	7.31
300256	9.18
300257	16.55
300258	15.89
300259	9.81
300260	14.43
300261	9.19
300262	8.78
300263	8.49
300264	8.00
300265	9.82
300266	Unknown
300267	Unknown
300268	29.62
300269	18.01
300270	11.70
300271	15.10
300272	Unknown
300273	9.35
300274	Unknown
300275	14.16
300276	Unknown
300277	9.36
300278	17.12
300279	11.17
300280	31.65
300281	13.28
300282	Unknown
300283	5.99
300284	17.50
300285	23.03
300286	19.13
300287	Unknown
300288	25.01
300290	8.84
300291	12.49
300292	Unknown
300293	Unknown
300294	Unknown
300295	19.79
300296	22.51
300297	Unknown
300298	Unknown
300299	Unknown
300300	15.93
300301	Unknown
300302	Unknown
300303	3.97
300304	Unknown
300305	Unknown
300306	Unknown
300307	8.89
300308	45.72
300309	22.60
300310	11.39
300311	15.30
300312	12.27
300313	13.09
300314	13.63
300315	Unknown
300316	18.04
300317	16.81
300318	5.92
300319	7.05
300320	11.95
300321	24.50
300322	Unknown
300323	20.21
300324	14.20
300325	6.47
300326	8.69
300327	31.45
300328	Unknown
300329	9.44
300330	Unknown
300331	Unknown
300332	6.30
300333	9.42
300334	16.08
300335	21.16
300336	12.71
300337	8.40
300338	20.30
300339	10.93
300340	60.80
300341	Unknown
300342	14.96
300343	14.15
300344	10.94
300345	7.13
300346	26.80
300347	32.88
300348	16.73
300349	32.55
300350	9.40
300352	4.58
300353	15.50
300354	Unknown
300355	11.99
300356	7.86
300357	Unknown
300358	Unknown
300359	10.36
300360	14.79
300362	13.55
300363	13.40
300364	10.84
300367	Unknown
300368	9.57
300369	10.70
300370	4.07
300371	Unknown
300372	Unknown
300373	Unknown
300374	Unknown
300375	Unknown
300376	Unknown
300377	Unknown
300378	14.38
300379	Unknown
300380	Unknown
300381	Unknown
300382	Unknown
300383	Unknown
300384	Unknown
300385	Unknown
300386	Unknown
300387	Unknown
300388	Unknown
300389	Unknown
300391	Unknown
300392	Unknown
300393	Unknown
300394	Unknown
300395	Unknown
300397	Unknown
300398	Unknown
300399	Unknown
300400	Unknown
300401	Unknown
300402	Unknown
300403	Unknown
300404	Unknown
300405	Unknown
300406	Unknown
300407	Unknown
300408	Unknown
300409	Unknown
300410	Unknown
300411	Unknown
300412	Unknown
300413	Unknown
300414	Unknown
300415	Unknown
300416	Unknown
300417	Unknown
300418	Unknown
300419	Unknown
300420	Unknown
300421	Unknown
300422	Unknown
300423	Unknown
300424	Unknown
300425	Unknown
300426	Unknown
300427	Unknown
300428	Unknown
300429	Unknown
300430	Unknown
300431	Unknown
300432	Unknown
300433	Unknown
300434	Unknown
300435	Unknown
300436	Unknown
300437	Unknown
300438	Unknown
300439	Unknown
300440	Unknown
300441	Unknown
300442	Unknown
300443	Unknown
300444	Unknown
300445	Unknown
300446	Unknown
300447	Unknown
300448	Unknown
300449	24.14
300450	67.20
300451	Unknown
300452	Unknown
300453	18.20
300455	11.24
300456	Unknown
300457	Unknown
300458	Unknown
300460	14.54
300461	72.81
300462	Unknown
300463	25.00
300464	Unknown
300465	9.12
300466	Unknown
300467	Unknown
300468	Unknown
300469	Unknown
300471	14.70
300472	27.56
300473	Unknown
300474	Unknown
300475	Unknown
300476	Unknown
300477	Unknown
300478	Unknown
300479	Unknown
300480	Unknown
300481	Unknown
300482	Unknown
300483	Unknown
300484	Unknown
300485	Unknown
300486	Unknown
300487	Unknown
300488	Unknown
300489	Unknown
300490	Unknown
300491	Unknown
300492	Unknown
300493	Unknown
300494	Unknown
300495	Unknown
300496	Unknown
300497	Unknown
300498	Unknown
300499	Unknown
300500	Unknown
300501	Unknown
300502	Unknown
300503	Unknown
300505	Unknown
300506	Unknown
300507	Unknown
300508	Unknown
300509	Unknown
300510	Unknown
300511	Unknown
300512	Unknown
300513	Unknown
300514	Unknown
300515	Unknown
300516	Unknown
300517	Unknown
300518	Unknown
300519	Unknown
300520	Unknown
300521	Unknown
300522	Unknown
300523	Unknown
300525	Unknown
300526	Unknown
300527	Unknown
300528	Unknown
300529	Unknown
300530	Unknown
300531	16.90
300532	25.04
300533	Unknown
300534	Unknown
300535	48.40
300536	Unknown
300537	17.30
300538	Unknown
300539	Unknown
300540	Unknown
300541	Unknown
300542	Unknown
300543	Unknown
300545	Unknown
300546	Unknown
300547	Unknown
300548	Unknown
300549	Unknown
300550	Unknown
300551	Unknown
300552	Unknown
300553	Unknown
300554	Unknown
300555	Unknown
300556	Unknown
300557	Unknown
300558	Unknown
300559	Unknown
300560	Unknown
300561	Unknown
300562	Unknown
300563	Unknown
300565	Unknown
300566	Unknown
300567	Unknown
300568	Unknown
300569	Unknown
300570	Unknown
300571	Unknown
300572	Unknown
300573	Unknown
300575	Unknown
300576	Unknown
300577	Unknown
300578	Unknown
300579	Unknown
300580	Unknown
300581	Unknown
300582	Unknown
300583	Unknown
300585	Unknown
300586	Unknown
300587	Unknown
300588	Unknown
300589	Unknown
300590	Unknown
300591	Unknown
300592	Unknown
300593	Unknown
300595	Unknown
300596	Unknown
300597	Unknown
300598	Unknown
300599	Unknown
300600	Unknown
300601	47.03
300602	Unknown
300603	Unknown
300604	Unknown
300605	Unknown
300607	Unknown
300609	Unknown
300610	Unknown
300611	17.44
300612	Unknown
300613	Unknown
300615	Unknown
300616	Unknown
300617	Unknown
300618	Unknown
300619	Unknown
300620	Unknown
300621	Unknown
300622	Unknown
300623	Unknown
300625	Unknown
300626	Unknown
300627	Unknown
300628	Unknown
300629	Unknown
300630	Unknown
300631	Unknown
300632	Unknown
300633	Unknown
300635	Unknown
300636	Unknown
300637	Unknown
300638	Unknown
300639	Unknown
300640	Unknown
300641	Unknown
300642	Unknown
300646	Unknown
300647	Unknown
300648	Unknown
300651	Unknown
300653	Unknown
300656	Unknown
300657	Unknown
300658	Unknown
300660	71.88
300662	Unknown
300663	Unknown
300665	Unknown
300666	Unknown
300669	Unknown
300670	Unknown
300671	Unknown
300672	Unknown
300673	Unknown
300675	Unknown
300677	Unknown
300679	Unknown
300680	Unknown
300681	Unknown
300683	Unknown
300686	Unknown
300687	Unknown
300688	Unknown
300689	Unknown
300690	Unknown
300691	Unknown
300692	Unknown
300693	Unknown
300695	Unknown
300696	Unknown
300697	Unknown
300698	Unknown
300699	Unknown
300700	Unknown
300701	Unknown
300702	Unknown
